Time (JD2000)	RE0_time (ns)	FE0_time (ns)	RE1_time (ns)	FE1_time (ns)	RE2_time (ns)	FE2_time (ns)	RE3_time (ns)	FE3_time (ns)
Pulse_Width0 (ns)	Pulse_Width1 (ns)	Pulse_Width2 (ns)	Pulse_Width3 (ns)	QN card
2457594.5000012787059	22.5	56.25	16.25	42.5	-1.0	-1.0	-1.0	-1.0	33.75	26.25	0.0	0.0	Q6
2457594.500002104789	38.75	75.0	32.5	53.75	-1.0	-1.0	-1.0	-1.0	36.25	21.25	0.0	0.0	Q6
2457594.500002253335	23.75	26.25	27.5	55.0	-1.0	-1.0	-1.0	-1.0	2.5	27.5	0.0	0.0	Q6
2457594.5000018835999	10.0	43.75	6.25	48.75	-1.0	-1.0	-1.0	-1.0	33.75	42.5	0.0	0.0	Q6
2457594.5000042174943	45.0	9960.0	37.5	46.25	-1.0	-1.0	-1.0	-1.0	9915.0	8.75	0.0	0.0	Q6
2457594.5000060535967	13.75	56.25	12.5	55.0	-1.0	-1.0	-1.0	-1.0	42.5	42.5	0.0	0.0	Q6
2457594.5000104825012	8.75	50.0	7.5	52.5	-1.0	-1.0	-1.0	-1.0	41.25	45.0	0.0	0.0	Q6
2457594.5000109937973	23.75	41.25	27.5	67.5	-1.0	-1.0	-1.0	-1.0	17.5	40.0	0.0	0.0	Q6
2457594.5000127130188	7.5	47.5	3.75	47.5	-1.0	-1.0	-1.0	-1.0	40.0	43.75	0.0	0.0	Q6
2457594.5000018142164	32.5	66.25	25.0	52.5	-1.0	-1.0	-1.0	-1.0	33.75	27.5	0.0	0.0	Q6
2457594.5000013606623	43.75	9960.0	37.5	68.75	-1.0	-1.0	-1.0	-1.0	9916.25	31.25	0.0	0.0	Q6
2457594.5000027031638	15.0	32.5	3.75	73.75	-1.0	-1.0	-1.0	-1.0	17.5	70.0	0.0	0.0	Q6
2457594.5000051711686	23.75	9960.0	13.75	52.5	-1.0	-1.0	-1.0	-1.0	9936.25	38.75	0.0	0.0	Q6
2457594.5000051711686	23.75	9960.0	53.75	57.5	-1.0	-1.0	-1.0	-1.0	9936.25	3.75	0.0	0.0	Q6
2457594.5000056340359	13.75	52.5	13.75	52.5	-1.0	-1.0	-1.0	-1.0	38.75	38.75	0.0	0.0	Q6
2457594.5000056340359	53.75	57.5	13.75	52.5	-1.0	-1.0	-1.0	-1.0	3.75	38.75	0.0	0.0	Q6
2457594.5000056340359	13.75	52.5	53.75	57.5	-1.0	-1.0	-1.0	-1.0	38.75	3.75	0.0	0.0	Q6
2457594.5000056340359	53.75	57.5	53.75	57.5	-1.0	-1.0	-1.0	-1.0	3.75	3.75	0.0	0.0	Q6
2457594.5000062864274	21.25	63.75	20.0	61.25	-1.0	-1.0	-1.0	-1.0	42.5	41.25	0.0	0.0	Q6
2457594.5000068373047	25.0	30.0	23.75	63.75	-1.0	-1.0	-1.0	-1.0	5.0	40.0	0.0	0.0	Q6
2457594.5000097937882	13.75	56.25	11.25	40.0	-1.0	-1.0	-1.0	-1.0	42.5	28.75	0.0	0.0	Q6
2457594.5000105910003	11.25	52.5	2.5	37.5	-1.0	-1.0	-1.0	-1.0	41.25	35.0	0.0	0.0	Q6
2457594.5000128843822	36.25	80.0	35.0	86.25	-1.0	-1.0	-1.0	-1.0	43.75	51.25	0.0	0.0	Q6
2457594.5000037467107	42.5	9960.0	33.75	70.0	-1.0	-1.0	-1.0	-1.0	9917.5	36.25	0.0	0.0	Q6
2457594.5000039064325	25.0	25.0	17.5	56.25	-1.0	-1.0	-1.0	-1.0	0.0	38.75	0.0	0.0	Q6
2457594.5000039064325	25.0	25.0	57.5	70.0	-1.0	-1.0	-1.0	-1.0	0.0	12.5	0.0	0.0	Q6
2457594.5000049723312	2.5	28.75	1.25	25.0	-1.0	-1.0	-1.0	-1.0	26.25	23.75	0.0	0.0	Q6
2457594.5000118240714	8.75	48.75	12.5	38.75	-1.0	-1.0	-1.0	-1.0	40.0	26.25	0.0	0.0	Q6
2457594.5000015296973	38.75	73.75	33.75	47.5	-1.0	-1.0	-1.0	-1.0	35.0	13.75	0.0	0.0	Q6
2457594.5000020866282	15.0	52.5	6.25	48.75	-1.0	-1.0	-1.0	-1.0	37.5	42.5	0.0	0.0	Q6
2457594.5000036181882	7.5	41.25	7.5	42.5	-1.0	-1.0	-1.0	-1.0	33.75	35.0	0.0	0.0	Q6
2457594.5000062659383	8.75	38.75	2.5	67.5	-1.0	-1.0	-1.0	-1.0	30.0	65.0	0.0	0.0	Q6
2457594.5000077337027	31.25	68.75	28.75	40.0	-1.0	-1.0	-1.0	-1.0	37.5	11.25	0.0	0.0	Q6
2457594.5000086096115	26.25	87.5	21.25	22.5	-1.0	-1.0	-1.0	-1.0	61.25	1.25	0.0	0.0	Q6
2457594.5000100550242	36.25	86.25	32.5	9960.0	-1.0	-1.0	-1.0	-1.0	50.0	9927.5	0.0	0.0	Q6
2457594.5000144988298	1.25	46.25	3.75	42.5	-1.0	-1.0	-1.0	-1.0	45.0	38.75	0.0	0.0	Q6
2457594.5000063045882	22.5	58.75	13.75	48.75	-1.0	-1.0	-1.0	-1.0	36.25	35.0	0.0	0.0	Q6
2457594.5000074212439	5.0	40.0	2.5	43.75	-1.0	-1.0	-1.0	-1.0	35.0	41.25	0.0	0.0	Q6
2457594.5000058757141	33.75	86.25	31.25	9960.0	-1.0	-1.0	-1.0	-1.0	52.5	9928.75	0.0	0.0	Q6
2457594.5000103930943	30.0	66.25	28.75	66.25	-1.0	-1.0	-1.0	-1.0	36.25	37.5	0.0	0.0	Q6
2457594.5000121956691	11.25	48.75	5.0	32.5	-1.0	-1.0	-1.0	-1.0	37.5	27.5	0.0	0.0	Q6
2457594.5000018682331	40.0	9960.0	33.75	62.5	-1.0	-1.0	-1.0	-1.0	9920.0	28.75	0.0	0.0	Q6
2457594.500004476402	26.25	63.75	22.5	35.0	-1.0	-1.0	-1.0	-1.0	37.5	12.5	0.0	0.0	Q6
2457594.5000063385814	5.0	37.5	0.0	56.25	-1.0	-1.0	-1.0	-1.0	32.5	56.25	0.0	0.0	Q6
2457594.500006582588	16.25	9960.0	15.0	46.25	-1.0	-1.0	-1.0	-1.0	9943.75	31.25	0.0	0.0	Q6
2457594.5000088154338	32.5	70.0	27.5	47.5	-1.0	-1.0	-1.0	-1.0	37.5	20.0	0.0	0.0	Q6
2457594.5000109975226	18.75	52.5	26.25	38.75	-1.0	-1.0	-1.0	-1.0	33.75	12.5	0.0	0.0	Q6
2457594.5000161626376	26.25	67.5	22.5	45.0	-1.0	-1.0	-1.0	-1.0	41.25	22.5	0.0	0.0	Q6
2457594.5000161626376	26.25	67.5	1208.75	9960.0	-1.0	-1.0	-1.0	-1.0	41.25	8751.25	0.0	0.0	Q6
2457594.5000173198059	22.5	45.0	-1.0	-1.0	22.5	45.0	-1.0	-1.0	22.5	0.0	22.5	0.0	Q6
2457594.5000173198059	1208.75	9960.0	-1.0	-1.0	22.5	45.0	-1.0	-1.0	8751.25	0.0	22.5	0.0	Q6
2457594.5000173198059	22.5	45.0	-1.0	-1.0	1208.75	9960.0	-1.0	-1.0	22.5	0.0	8751.25	0.0	Q6
2457594.5000173198059	1208.75	9960.0	-1.0	-1.0	1208.75	9960.0	-1.0	-1.0	8751.25	0.0	8751.25	0.0	Q6
2457594.5000184774399	22.5	45.0	-1.0	-1.0	-1.0	-1.0	1208.75	9960.0	22.5	0.0	0.0	8751.25	Q6
2457594.5000184774399	1208.75	9960.0	-1.0	-1.0	-1.0	-1.0	1208.75	9960.0	8751.25	0.0	0.0	8751.25	Q6
2457594.5000184774399	22.5	45.0	-1.0	-1.0	-1.0	-1.0	22.5	45.0	22.5	0.0	0.0	22.5	Q6
2457594.5000184774399	1208.75	9960.0	-1.0	-1.0	-1.0	-1.0	22.5	45.0	8751.25	0.0	0.0	22.5	Q6
2457594.5000079418533	40.0	9960.0	31.25	78.75	-1.0	-1.0	-1.0	-1.0	9920.0	47.5	0.0	0.0	Q6
2457594.5000096405856	8.75	47.5	3.75	31.25	-1.0	-1.0	-1.0	-1.0	38.75	27.5	0.0	0.0	Q6
2457594.5000101039186	28.75	31.25	21.25	62.5	-1.0	-1.0	-1.0	-1.0	2.5	41.25	0.0	0.0	Q6
2457594.5000101039186	28.75	31.25	63.75	80.0	-1.0	-1.0	-1.0	-1.0	2.5	16.25	0.0	0.0	Q6
2457594.50001015421	30.0	68.75	23.75	53.75	-1.0	-1.0	-1.0	-1.0	38.75	30.0	0.0	0.0	Q6
2457594.5000122110359	40.0	9960.0	32.5	61.25	-1.0	-1.0	-1.0	-1.0	9920.0	28.75	0.0	0.0	Q6
2457594.500001961831	18.75	57.5	15.0	40.0	-1.0	-1.0	-1.0	-1.0	38.75	25.0	0.0	0.0	Q6
2457594.5000024610199	35.0	37.5	41.25	9960.0	-1.0	-1.0	-1.0	-1.0	2.5	9918.75	0.0	0.0	Q6
2457594.5000049322844	23.75	57.5	18.75	36.25	-1.0	-1.0	-1.0	-1.0	33.75	17.5	0.0	0.0	Q6
2457594.5000049755909	42.5	9960.0	37.5	58.75	-1.0	-1.0	-1.0	-1.0	9917.5	21.25	0.0	0.0	Q6
2457594.5000061350875	28.75	61.25	21.25	51.25	-1.0	-1.0	-1.0	-1.0	32.5	30.0	0.0	0.0	Q6
2457594.5000061569735	25.0	45.0	30.0	67.5	-1.0	-1.0	-1.0	-1.0	20.0	37.5	0.0	0.0	Q6
2457594.5000082049519	5.0	52.5	1.25	40.0	-1.0	-1.0	-1.0	-1.0	47.5	38.75	0.0	0.0	Q6
2457594.5000083348714	42.5	9960.0	38.75	55.0	-1.0	-1.0	-1.0	-1.0	9917.5	16.25	0.0	0.0	Q6
2457594.5000104876235	3.75	48.75	0.0	31.25	-1.0	-1.0	-1.0	-1.0	45.0	31.25	0.0	0.0	Q6
2457594.5000120680779	46.25	9960.0	37.5	57.5	-1.0	-1.0	-1.0	-1.0	9913.75	20.0	0.0	0.0	Q6
2457594.5000037048012	41.25	9960.0	32.5	71.25	-1.0	-1.0	-1.0	-1.0	9918.75	38.75	0.0	0.0	Q6
2457594.5000032484531	23.75	60.0	17.5	35.0	-1.0	-1.0	-1.0	-1.0	36.25	17.5	0.0	0.0	Q6
2457594.5000079870224	41.25	9960.0	35.0	60.0	-1.0	-1.0	-1.0	-1.0	9918.75	25.0	0.0	0.0	Q6
2457594.5000084619969	-1.0	-1.0	6.25	28.75	-1.0	-1.0	-1.0	-1.0	0.0	22.5	0.0	0.0	Q6
2457594.500009029638	13.75	25.0	16.25	56.25	-1.0	-1.0	-1.0	-1.0	11.25	40.0	0.0	0.0	Q6
2457594.5000104606152	28.75	55.0	37.5	57.5	-1.0	-1.0	-1.0	-1.0	26.25	20.0	0.0	0.0	Q6
2457594.5000105709769	7.5	46.25	2.5	48.75	-1.0	-1.0	-1.0	-1.0	38.75	46.25	0.0	0.0	Q6
2457594.5000109202228	32.5	65.0	25.0	53.75	-1.0	-1.0	-1.0	-1.0	32.5	28.75	0.0	0.0	Q6
2457594.5000120475888	16.25	51.25	12.5	28.75	-1.0	-1.0	-1.0	-1.0	35.0	16.25	0.0	0.0	Q6
2457594.5000032088719	26.25	40.0	26.25	68.75	-1.0	-1.0	-1.0	-1.0	13.75	42.5	0.0	0.0	Q6
2457594.5000054258853	18.75	55.0	7.5	41.25	-1.0	-1.0	-1.0	-1.0	36.25	33.75	0.0	0.0	Q6
2457594.5000060936436	23.75	60.0	17.5	47.5	-1.0	-1.0	-1.0	-1.0	36.25	30.0	0.0	0.0	Q6
2457594.5000067944638	27.5	50.0	15.0	51.25	-1.0	-1.0	-1.0	-1.0	22.5	36.25	0.0	0.0	Q6
2457594.500011197757	10.0	47.5	8.75	16.25	-1.0	-1.0	-1.0	-1.0	37.5	7.5	0.0	0.0	Q6
2457594.5000123465434	33.75	73.75	32.5	72.5	-1.0	-1.0	-1.0	-1.0	40.0	40.0	0.0	0.0	Q6
2457594.500004327856	21.25	65.0	17.5	43.75	-1.0	-1.0	-1.0	-1.0	43.75	26.25	0.0	0.0	Q6
2457594.5000055124983	37.5	73.75	32.5	43.75	-1.0	-1.0	-1.0	-1.0	36.25	11.25	0.0	0.0	Q6
2457594.5000074272975	30.0	95.0	32.5	93.75	-1.0	-1.0	-1.0	-1.0	65.0	61.25	0.0	0.0	Q6
2457594.5000088256784	35.0	68.75	30.0	45.0	-1.0	-1.0	-1.0	-1.0	33.75	15.0	0.0	0.0	Q6
2457594.5000086231157	20.0	58.75	13.75	32.5	-1.0	-1.0	-1.0	-1.0	38.75	18.75	0.0	0.0	Q6
2457594.5000086231157	20.0	58.75	202.5	9960.0	-1.0	-1.0	-1.0	-1.0	38.75	9757.5	0.0	0.0	Q6
2457594.5000086231157	20.0	58.75	296.25	9960.0	-1.0	-1.0	-1.0	-1.0	38.75	9663.75	0.0	0.0	Q6
2457594.5000094026327	28.75	9960.0	296.25	9960.0	-1.0	-1.0	28.75	9960.0	9931.25	9663.75	0.0	9931.25	Q6
2457594.5000094026327	20.0	68.75	296.25	9960.0	-1.0	-1.0	28.75	9960.0	48.75	9663.75	0.0	9931.25	Q6
2457594.5000094026327	296.25	9960.0	296.25	9960.0	-1.0	-1.0	28.75	9960.0	9663.75	9663.75	0.0	9931.25	Q6
2457594.5000098655	28.75	9960.0	17.5	58.75	-1.0	-1.0	28.75	9960.0	9931.25	41.25	0.0	9931.25	Q6
2457594.5000098655	28.75	9960.0	20.0	68.75	-1.0	-1.0	28.75	9960.0	9931.25	48.75	0.0	9931.25	Q6
2457594.5000098655	28.75	9960.0	296.25	9960.0	-1.0	-1.0	28.75	9960.0	9931.25	9663.75	0.0	9931.25	Q6
2457594.5000105602667	28.75	9960.0	-1.0	-1.0	17.5	58.75	28.75	1111.0	9931.25	0.0	41.25	1082.25	Q6
2457594.5000105602667	28.75	9960.0	-1.0	-1.0	20.0	68.75	28.75	1111.0	9931.25	0.0	48.75	1082.25	Q6
2457594.5000105602667	28.75	9960.0	-1.0	-1.0	296.25	9960.0	28.75	1111.0	9931.25	0.0	9663.75	1082.25	Q6
2457594.500011717435	28.75	9960.0	17.5	58.75	-1.0	-1.0	296.25	9960.0	9931.25	41.25	0.0	9663.75	Q6
2457594.500011717435	28.75	9960.0	17.5	58.75	-1.0	-1.0	28.75	9960.0	9931.25	41.25	0.0	9931.25	Q6
2457594.500011717435	28.75	9960.0	17.5	58.75	-1.0	-1.0	28.75	9960.0	9931.25	41.25	0.0	9931.25	Q6
2457594.5000147037208	28.75	9960.0	17.5	58.75	-1.0	-1.0	-1.0	-1.0	9931.25	41.25	0.0	0.0	Q6
2457594.5000147037208	28.75	9960.0	20.0	68.75	-1.0	-1.0	-1.0	-1.0	9931.25	48.75	0.0	0.0	Q6
2457594.5000051357783	37.5	68.75	37.5	67.5	-1.0	-1.0	-1.0	-1.0	31.25	30.0	0.0	0.0	Q6
2457594.5000046924688	5.0	42.5	3.75	38.75	-1.0	-1.0	-1.0	-1.0	37.5	35.0	0.0	0.0	Q6
2457594.5000065937638	20.0	53.75	12.5	38.75	-1.0	-1.0	-1.0	-1.0	33.75	26.25	0.0	0.0	Q6
2457594.5000084745698	25.0	62.5	23.75	61.25	-1.0	-1.0	-1.0	-1.0	37.5	37.5	0.0	0.0	Q6
2457594.5000121495686	31.25	71.25	23.75	58.75	-1.0	-1.0	-1.0	-1.0	40.0	35.0	0.0	0.0	Q6
2457594.5000049374066	-1.0	-1.0	36.25	53.75	-1.0	-1.0	-1.0	-1.0	0.0	17.5	0.0	0.0	Q6
2457594.500010067597	32.5	9960.0	35.0	51.25	-1.0	-1.0	-1.0	-1.0	9927.5	16.25	0.0	0.0	Q6
2457594.5000107246451	28.75	43.75	17.5	38.75	-1.0	-1.0	-1.0	-1.0	15.0	21.25	0.0	0.0	Q6
2457594.500010961201	15.0	37.5	5.0	80.0	-1.0	-1.0	-1.0	-1.0	22.5	75.0	0.0	0.0	Q6
2457594.5000109742396	28.75	67.5	21.25	62.5	-1.0	-1.0	-1.0	-1.0	38.75	41.25	0.0	0.0	Q6
2457594.5000125421211	8.75	46.25	7.5	16.25	-1.0	-1.0	-1.0	-1.0	37.5	8.75	0.0	0.0	Q6
2457594.5000009848736	32.5	80.0	28.75	9960.0	-1.0	-1.0	-1.0	-1.0	47.5	9931.25	0.0	0.0	Q6
2457594.5000034994446	26.25	65.0	18.75	53.75	-1.0	-1.0	-1.0	-1.0	38.75	35.0	0.0	0.0	Q6
2457594.5000047846697	32.5	68.75	26.25	45.0	-1.0	-1.0	-1.0	-1.0	36.25	18.75	0.0	0.0	Q6
2457594.500004505273	36.25	68.75	37.5	62.5	-1.0	-1.0	-1.0	-1.0	32.5	25.0	0.0	0.0	Q6
2457594.5000050477684	27.5	66.25	21.25	46.25	-1.0	-1.0	-1.0	-1.0	38.75	25.0	0.0	0.0	Q6
2457594.5000060391612	28.75	71.25	23.75	56.25	-1.0	-1.0	-1.0	-1.0	42.5	32.5	0.0	0.0	Q6
